7 4.000000000000001E-10 
8 6.999999999999999E-10 
9 0.0100000008 
10 0.11000000110000001 
11 0.2200000023 
12 0.2310011035 
13 0.3410012038 
14 0.4521013149 
15 0.5622023261 
16 0.5833134362 
17 0.6944245573 
18 0.9065367687 
19 1.1397490299 
20 1.2618712521000002 
21 1.4930926732 
22 1.8153349053999999 
23 2.0795581298 
24 2.7228813719000002 
25 3.0762556980999998 
26 3.5528321424 
27 4.1005275767 
28 4.4640619223 
29 5.0197684799 
30 5.6859471163 
31 6.6325137059 
32 7.508829969999999 
33 8.1865993686 
34 9.1760024253 
35 11.6809889235 
36 12.8868252597 
37 14.648174125099999 
38 15.946590942899999 
39 16.975741184700002 
40 19.0590518045 
41 22.1429559671 
42 23.3192078288 
43 26.232313282400003 
44 28.691762211000004 
45 30.551387243300002 
46 34.1940363469 
47 35.7730359682 
48 39.7474828855 
49 41.863080884599995 
50 44.5404201468 
51 49.5390446718 
52 52.623495349799995 
53 56.5866455254 
54 61.8384313312 
55 65.1080117751 
56 72.82066243130001 
57 76.62001960090001 
58 81.7098752885 
59 85.038100218 
60 91.8492335492 
61 97.8060690017 
62 101.5881583664 
63 111.01907547729999 
64 116.8836445915 
65 126.39674890660001 
66 137.087878729 
67 143.0036175998 
68 153.2411308651 
69 166.18369964890002 
70 173.89805751880002 
71 181.0789448135 
72 191.8726793131 
73 199.6992708149 
74 213.63190365589998 
75 223.64809382660002 
76 230.98485507720002 
77 240.79932483399998 
78 250.2668021807 
79 261.0298501303 
80 279.9218863086 
81 288.1297608653 
82 297.20551442659996 
83 308.1081725345 
84 317.77118382950005 
85 339.23515080799996 
86 361.42206332750004 
87 375.3999427706 
88 388.9445974296 
89 432.2100834887 
90 447.4681771186 
91 471.36286615279994 
92 499.68159039849996 
93 528.1633007454 
94 547.6394284092 
95 562.3102225741001 
96 582.5848548594 
97 616.5878293714001 
98 637.1325610197999 
99 653.1855612008001 
