7 4.000000000000001E-10 
8 0.0010001105 
9 0.0010011117 
10 0.0020011118 
11 0.002001112 
12 0.013012222 
13 0.11401333220000001 
14 0.11412344320000001 
15 0.2251335544 
16 0.23523467550000002 
17 0.3563467876 
18 0.46746888870000003 
19 0.6895799999000001 
20 1.0108032221 
21 1.1330154342 
22 1.3542366465 
23 1.7674597898000002 
24 2.0899920132 
25 2.3224254475999997 
26 2.7057578019 
27 3.0702402586 
28 3.6162176133000004 
29 4.1726761679 
30 5.2283370027 
31 6.1869316106 
32 7.461510218399999 
33 8.524278844600001 
34 10.0913373322 
35 11.125294070799999 
36 12.3524610308 
37 14.033542985899999 
38 16.0660607653 
39 17.3310034774 
40 18.826498487800002 
41 20.2816920411 
42 21.8626655594 
43 23.6255378253 
44 27.662949837999996 
45 30.8089382866 
46 32.682996681 
47 35.9491443525 
48 39.2670211998 
49 42.6330241965 
50 45.278367673700004 
51 48.661567322500005 
52 53.5959512134 
53 57.1506699351 
54 60.409149504599995 
55 63.651345484900006 
56 68.6880796408 
57 72.1158883284 
58 76.414968418 
59 82.3392295356 
60 88.7977497364 
61 94.0452051826 
62 98.50119497860001 
63 106.5993047269 
64 111.1524625749 
65 116.7754743277 
66 126.71975167180001 
67 137.57462611670002 
68 143.2569708151 
69 155.8872305319 
70 171.124747727 
71 185.05225819330002 
72 193.74578286460002 
73 200.9459661299 
74 208.5568179978 
75 218.8844302172 
76 230.83124565140002 
77 251.6174590946 
78 260.7244980728 
79 270.2499153142 
80 286.8768796498 
81 299.90780380679996 
82 311.0244933645 
83 319.5649963201 
84 338.7711519101 
85 351.97426631459996 
86 364.22646000230003 
87 391.6875145157 
88 414.7777971689 
89 427.28850883020004 
90 448.5442242448 
91 463.1694044612 
92 486.096256381 
93 520.3746932802 
94 537.2943038215001 
95 555.4414753085 
96 589.4033566339 
97 634.4492042176 
98 661.9732257901 
99 681.2502946059001 
