7 0.0 
8 0.10000001 
9 0.2000000101 
10 0.2100000101 
11 0.2200000211 
12 0.3311111312 
13 0.4412212423 
14 0.5622422525 
15 0.6733534646 
16 0.8045846957 
17 1.0248059379 
18 1.1470384599999999 
19 1.3681596011 
20 1.5296009223 
21 1.8728431345 
22 2.1244877767999997 
23 3.0662200998999998 
24 3.3935047306999997 
25 4.1177892848 
26 4.4833836685 
27 5.5709907673000005 
28 6.5240877075 
29 6.9645594202 
30 9.934316177300001 
31 11.4457479965 
32 12.475319845200001 
33 13.395088521400002 
34 14.3630262221 
35 16.9160622204 
36 17.862189013200002 
37 18.8858209857 
38 20.814001204300002 
39 22.7786084854 
40 25.688471746300003 
41 27.9154428891 
42 29.533123475500002 
43 31.8597338659 
44 34.0668675566 
45 41.1475276196 
46 46.4831603637 
47 52.1176510107 
48 57.369091892899995 
49 67.4306477964 
50 70.0443217496 
51 77.2217361969 
52 80.3918268117 
53 84.346861794 
54 93.5413501541 
55 99.1169852969 
56 111.38153503179998 
57 118.1106965409 
58 133.0931000178 
59 141.3284820954 
60 151.0554789198 
61 157.90324626679998 
62 174.4490534771 
63 180.5412910043 
64 188.2640578342 
65 200.7086919989 
66 208.5178097643 
67 227.667723296 
68 239.4306607892 
69 246.3100665815 
70 257.74487631249997 
71 271.083830838 
72 289.4421128894 
73 312.5850475609 
74 320.3952094516 
75 335.6922960942 
76 381.3164657525 
77 398.8539112298 
78 416.14174445649996 
79 446.3600989963 
80 458.90830803529997 
81 485.15737268479995 
82 497.5581314077 
83 517.0311395332 
84 529.6493823021999 
85 555.0641542144 
86 564.9875972719 
87 636.136814925 
88 684.9180621555 
89 735.3849852343 
90 752.5023098408 
91 775.7590413639 
92 829.1086590044 
93 863.3955448528999 
94 885.4509404613 
95 919.4654073551999 
96 956.8429219177 
97 990.233215345 
98 1029.7705695852 
99 1080.1768310478 
