7 0.0010000999999999999 
8 0.0011001104 
9 0.1011002105 
10 0.1121113215 
11 0.1132223225 
12 0.2233324236 
13 0.3235435457 
14 0.5237545578 
15 0.64596678 
16 0.9581790921 
17 1.2023025443 
18 1.6434436775 
19 2.0775973017 
20 2.4610185959999997 
21 2.7863438091 
22 3.3308720746 
23 4.0064176123 
24 4.5804630764 
25 5.203931383 
26 5.5867161529 
27 7.0137105464000005 
28 7.9804212429 
29 9.1191448048 
30 10.5158329713 
31 12.1677399631 
32 14.1853393522 
33 15.494528241500001 
34 17.0835965808 
35 20.341640359 
36 22.1531635145 
37 26.197789334499998 
38 28.201589067700002 
39 35.7436133448 
40 39.306172076 
41 40.6998872223 
42 45.8527662203 
43 48.9805963604 
44 52.4063004255 
45 56.1719403412 
46 60.165994762800004 
47 71.1129816816 
48 76.7091744327 
49 91.9902523697 
50 103.7575436992 
51 116.77148499519998 
52 122.4108383669 
53 126.8849381816 
54 130.7158611434 
55 135.511383397 
56 152.6005095381 
57 158.422400488 
58 163.68802599240001 
59 172.4073588588 
60 181.50532029599998 
61 186.7936805279 
62 195.0314520145 
63 201.1799340683 
64 209.6867439389 
65 230.5260838882 
66 237.2090754002 
67 250.87184296690003 
68 261.7961822733 
69 276.5791465413 
70 297.8043017315 
71 311.0035382918 
72 320.0704386164 
73 352.2686022067 
74 369.1425464681 
75 393.8258342068 
76 415.6881467779 
77 471.74610199389997 
78 501.6853441887 
79 523.2349110961001 
80 534.8010359955999 
81 557.8844814482001 
82 599.6586053867001 
83 621.0634800647 
84 662.2092004188 
85 706.17218052 
86 738.5404264868 
87 810.4285350160001 
88 870.5579201168999 
89 903.7329476176999 
90 929.9057396077 
91 971.2644858186001 
92 989.0746898412999 
93 1054.2023821812 
94 1082.7705816484 
95 1103.9118782248001 
96 1129.280667616 
97 1188.382360437 
98 1257.470266845 
99 1278.5441846934 
