7 1.2 
8 0.4 
9 0.2 
10 0.4 
11 0.1 
12 0.5 
13 0.4 
14 0.2 
15 0.2 
16 0.9 
17 0.6 
18 1.0 
19 1.2 
20 1.1 
21 1.1 
22 1.5 
23 1.2 
24 1.8 
25 2.3 
26 2.6 
27 2.2 
28 3.0 
29 4.3 
30 3.1 
31 4.0 
32 5.3 
33 3.6 
34 5.2 
35 5.1 
36 6.4 
37 6.6 
38 6.7 
39 8.7 
40 8.0 
41 7.7 
42 7.8 
43 9.0 
44 9.5 
45 11.3 
46 10.2 
47 14.7 
48 13.8 
49 14.9 
50 13.6 
51 18.2 
52 18.2 
53 19.8 
54 20.8 
55 21.9 
56 17.5 
57 23.9 
58 20.9 
59 26.5 
60 28.0 
61 24.0 
62 30.4 
63 29.5 
64 32.6 
65 39.9 
66 31.8 
67 38.0 
68 37.0 
69 43.0 
70 40.4 
71 39.0 
72 39.8 
73 40.9 
74 50.0 
75 53.7 
76 49.1 
77 59.1 
78 64.3 
79 53.4 
80 62.2 
81 51.4 
82 70.1 
83 60.4 
84 82.0 
85 67.5 
86 76.0 
87 70.2 
88 86.9 
89 68.7 
90 86.3 
91 82.0 
92 88.0 
93 79.5 
94 88.5 
95 109.6 
96 97.5 
97 126.5 
98 100.2 
99 101.5 
