7 1.0600000000000002E-8 
8 0.0010000112000000002 
9 0.001110013 
10 0.001111123 
11 0.001121233 
12 0.0011312332 
13 0.0022412342 
14 0.0033522342999999996 
15 0.11436324440000001 
16 0.32536434550000004 
17 0.3264754556 
18 0.33748556669999996 
19 0.5585966679000001 
20 0.669697879 
21 0.7938101001 
22 0.9049313222 
23 1.0170534433 
24 1.2311657655 
25 1.4525882979 
26 1.6858205211000001 
27 1.9481727434 
28 2.1805061866999997 
29 2.5250316112 
30 2.8584651548 
31 3.4237987011 
32 3.9823741666000005 
33 4.5261276721999995 
34 5.1707721168 
35 5.7315167714 
36 6.4870627501 
37 7.3716403079 
38 8.263706173500001 
39 9.2410361485 
40 10.0087034852 
41 11.1798802576 
42 12.0627626098 
43 13.421857029399998 
44 14.721396418800001 
45 16.1804378665 
46 17.6994865175 
47 18.930767629400002 
48 20.8639314415 
49 22.1561813249 
50 24.1401647784 
51 26.3042162357 
52 30.0605622048 
53 33.363402091400005 
54 35.8101644507 
55 38.2951837432 
56 40.192772438999995 
57 43.083411349900004 
58 45.1055386687 
59 47.4397527918 
60 52.472986276899995 
61 54.827638665200006 
62 57.3873832268 
63 60.7631819937 
64 66.15316548460001 
65 68.9473908866 
66 74.2764236343 
67 77.6911049961 
68 82.6460826786 
69 90.7455380299 
70 99.38432257619999 
71 103.06429100559998 
72 106.85495725109999 
73 113.9338154519 
74 118.45329659199999 
75 125.66862904300001 
76 130.43419477950002 
77 135.2828847349 
78 140.480706547 
79 145.79725858429998 
80 151.5911012741 
81 160.64698044419998 
82 166.7981041246 
83 173.5677919449 
84 182.63830517649998 
85 189.9947396467 
86 196.9222732018 
87 209.9209561869 
88 216.7688731924 
89 224.1853016942 
90 232.10971861570002 
91 247.0394002726 
92 267.983333587 
93 284.0714675676 
94 300.6784190655 
95 313.4808079023 
96 323.4703809683 
97 334.4470783908 
98 353.6816662719 
99 366.2458505795 
