7 0.0 
8 0.0010 
9 0.0110011 
10 0.011001111 
11 0.011002211 
12 0.0110022121 
13 0.0110022121 
14 0.0120133132 
15 0.1131144242 
16 0.11411543529999998 
17 0.23422643640000002 
18 0.4454375465 
19 0.5465385576 
20 0.6476696687000001 
21 0.7686808700000001 
22 1.3908831011 
23 1.6121962243999999 
24 1.8353086466000001 
25 2.278440759 
26 3.0095919911999998 
27 3.3318141235 
28 4.3660386061 
29 4.829382928399999 
30 5.162827292099999 
31 5.7973106264 
32 6.3348553944 
33 7.3794900067 
34 7.8659750521000005 
35 8.7455601166 
36 10.601114692900001 
37 11.2899703987 
38 11.9919567922 
39 13.1088600628 
40 13.832597564100002 
41 14.6173247124 
42 15.4482022911 
43 17.470990259300002 
44 19.4162888324 
45 21.4604013637 
46 22.6299587267 
47 23.7483619402 
48 25.971876326300002 
49 27.7092247585 
50 29.8545739078 
51 33.1303194082 
52 35.3670191826 
53 36.8298249087 
54 39.367192414099996 
55 42.0879778986 
56 44.385954739700004 
57 46.439194459999996 
58 49.6800189718 
59 51.9131762048 
60 58.337609548 
61 60.85347317429999 
62 63.34945773970001 
63 69.4693405448 
64 75.0294621465 
65 85.7165702666 
66 91.4855860313 
67 103.39142129910002 
68 109.55445851500001 
69 112.91942362469999 
70 122.2140010057 
71 126.11294439759999 
72 130.2610425354 
73 138.1145336301 
74 145.4349275436 
75 150.0205459235 
76 154.5923083467 
77 165.10531181000002 
78 172.5558515457 
79 180.5333239988 
80 188.95170134170002 
81 200.1229982966 
82 206.20649829120003 
83 218.20405637550002 
84 227.20797617480002 
85 236.69263802269998 
86 246.4417868565 
87 253.3199131707 
88 273.133204579 
89 283.9717434003 
90 296.15208408039996 
91 311.094357087 
92 322.8346752869 
93 336.9223517543 
94 350.6714641613 
95 363.65242451710003 
96 380.1594806859 
97 407.73120764509997 
98 420.3194652624 
99 440.322032693 
