7 0.1 
8 0.3 
9 0.2 
10 0.2 
11 0.3 
12 0.6 
13 0.6 
14 0.5 
15 0.7 
16 0.7 
17 0.7 
18 1.3 
19 1.8 
20 1.4 
21 1.3 
22 1.7 
23 2.6 
24 2.6 
25 3.3 
26 3.4 
27 4.2 
28 5.8 
29 4.5 
30 5.3 
31 5.6 
32 6.2 
33 8.3 
34 7.7 
35 7.9 
36 8.1 
37 11.4 
38 9.6 
39 13.0 
40 9.4 
41 14.2 
42 12.7 
43 15.4 
44 14.3 
45 14.3 
46 20.0 
47 22.3 
48 23.2 
49 23.0 
50 25.4 
51 21.7 
52 29.4 
53 24.4 
54 29.0 
55 31.4 
56 37.1 
57 38.4 
58 48.1 
59 39.6 
60 41.8 
61 41.2 
62 41.1 
63 56.0 
64 44.6 
65 52.5 
66 65.5 
67 57.7 
68 74.0 
69 79.8 
70 97.7 
71 91.0 
72 107.5 
73 107.6 
74 112.7 
75 100.2 
76 97.9 
77 65.9 
78 81.4 
79 84.0 
80 97.9 
81 103.5 
82 120.4 
83 99.6 
84 105.9 
85 94.9 
86 110.6 
87 106.2 
88 100.6 
89 153.7 
90 135.4 
91 126.3 
92 111.4 
93 109.1 
94 138.8 
95 168.8 
96 173.5 
97 176.5 
98 204.4 
99 170.3 
